RGB:
    before: Linearity RMS Error: 0.126 Pixels   Reprojection RMS Error: 0.079 Pixels

IR:
    before: Linearity RMS Error: 0.259 Pixels   Reprojection RMS Error: 0.213 Pixels


RGB:

height: 480
width: 640
distortion_model: plumb_bob
D: [0.02715313190399658, -0.09662972575457587, 0.001166602099696403, -0.0006601077420235328, 0.0]
K: [536.68894392687, 0.0, 319.8447129776962, 0.0, 536.4921979739719, 244.2211320022352, 0.0, 0.0, 1.0]
R: [1.0, 0.0, 0.0, 0.0, 1.0, 0.0, 0.0, 0.0, 1.0]
P: [534.4219360351562, 0.0, 318.9490793381156, 0.0, 0.0, 536.1786499023438, 244.1070086022337, 0.0, 0.0, 0.0, 1.0, 0.0]
binning_x: 0
binning_y: 0


IR:

height: 480
width: 640
distortion_model: plumb_bob
D: [-0.02595081410501086, 0.003077479345189461, -0.0007175672901164543, -9.262573288732528e-05, 0.0]
K: [573.3595594224411, 0.0, 316.514458259971, 0.0, 572.9230911973375, 247.6406993817168, 0.0, 0.0, 1.0]
R: [1.0, 0.0, 0.0, 0.0, 1.0, 0.0, 0.0, 0.0, 1.0]
P: [567.9435424804688, 0.0, 315.9146551234517, 0.0, 0.0, 569.1817016601562, 246.973079360183, 0.0, 0.0, 0.0, 1.0, 0.0]
binning_x: 0
binning_y: 0