before: Linearity RMS Error: 0.202 Pixels   Reprojection RMS Error: 0.235 Pixels
after:  Linearity RMS Error: 0.131 Pixels   Reprojection RMS Error: 0.223 Pixels


('D = ', [-0.31867843578353267, 0.09255062816759298, 0.0002837017488155422, -0.000904687809760233, 0.0])
('K = ', [427.9763163226372, 0.0, 322.1609014228089, 0.0, 425.7260800526436, 245.14343288049835, 0.0, 0.0, 1.0])
('R = ', [1.0, 0.0, 0.0, 0.0, 1.0, 0.0, 0.0, 0.0, 1.0])
('P = ', [337.14068603515625, 0.0, 321.2353339625479, 0.0, 0.0, 376.3952331542969, 246.28595827263234, 0.0, 0.0, 0.0, 1.0, 0.0])
None
# oST version 5.0 parameters


[image]

width
640

height
480

[narrow_stereo]

camera matrix
427.976316 0.000000 322.160901
0.000000 425.726080 245.143433
0.000000 0.000000 1.000000

distortion
-0.318678 0.092551 0.000284 -0.000905 0.000000

rectification
1.000000 0.000000 0.000000
0.000000 1.000000 0.000000
0.000000 0.000000 1.000000

projection
337.140686 0.000000 321.235334 0.000000
0.000000 376.395233 246.285958 0.000000
0.000000 0.000000 1.000000 0.000000


('D = ', [-0.31867843578353267, 0.09255062816759298, 0.0002837017488155422, -0.000904687809760233, 0.0])
('K = ', [427.9763163226372, 0.0, 322.1609014228089, 0.0, 425.7260800526436, 245.14343288049835, 0.0, 0.0, 1.0])
('R = ', [1.0, 0.0, 0.0, 0.0, 1.0, 0.0, 0.0, 0.0, 1.0])
('P = ', [337.14068603515625, 0.0, 321.2353339625479, 0.0, 0.0, 376.3952331542969, 246.28595827263234, 0.0, 0.0, 0.0, 1.0, 0.0])
# oST version 5.0 parameters


[image]

width
640

height
480

[narrow_stereo]

camera matrix
427.976316 0.000000 322.160901
0.000000 425.726080 245.143433
0.000000 0.000000 1.000000

distortion
-0.318678 0.092551 0.000284 -0.000905 0.000000

rectification
1.000000 0.000000 0.000000
0.000000 1.000000 0.000000
0.000000 0.000000 1.000000

projection
337.140686 0.000000 321.235334 0.000000
0.000000 376.395233 246.285958 0.000000
0.000000 0.000000 1.000000 0.000000