before: epipolar error: 0.343016 pixels   dimension: 0.024326 m
after:	epipolar error: 0.058039 pixels   dimension: 0.024608 m

Left:
('D = ', [-0.45380041652341363, 0.22001229881893766, 0.0002747589243530653, 0.00023619080426236908, 0.0])
('K = ', [935.9567336198363, 0.0, 303.90034458314267, 0.0, 935.4377890335084, 245.19651767127155, 0.0, 0.0, 1.0])
('R = ', [0.9999543308117211, 0.0005240028056901561, -0.009542626050652698, -0.0005473491409675134, 0.9999968634256738, -0.002444084231775652, 0.009541315412502025, 0.002449195760604101, 0.9999514811931254])
('P = ', [919.1367760326935, 0.0, 318.62073516845703, 0.0, 0.0, 919.1367760326935, 251.40000534057617, 0.0, 0.0, 0.0, 1.0, 0.0])

Right:
('D = ', [-0.46020846638211704, 0.24663769920425832, -0.00011785568339019813, 0.0005941405143806099, 0.0])
('K = ', [933.665217494699, 0.0, 316.7100608142508, 0.0, 933.1237919085239, 255.79203098104225, 0.0, 0.0, 1.0])
('R = ', [0.9999539006576516, -1.5262368892833632e-05, -0.009601891824410649, 3.875523476422022e-05, 0.9999970065387923, 0.002446510062541971, 0.009601825741980876, -0.0024467694036088743, 0.9999509079259372])
('P = ', [919.1367760326935, 0.0, 318.62073516845703, -82.91481602055534, 0.0, 919.1367760326935, 251.40000534057617, 0.0, 0.0, 0.0, 1.0, 0.0])
('self.T ', [-0.09020528376629408, 1.3768097869412059e-06, 0.0008661813071031252])
('self.R ', [0.9999998264099879, 0.00058625051361276, 5.907900992643811e-05, -0.000585954572993891, 0.9999878693590809, -0.004890581961705967, -6.194539944709365e-05, 0.004890546495133752, 0.9999880392873439])
None
# oST version 5.0 parameters


[image]

width
640

height
480

[narrow_stereo/left]

camera matrix
935.956734 0.000000 303.900345
0.000000 935.437789 245.196518
0.000000 0.000000 1.000000

distortion
-0.453800 0.220012 0.000275 0.000236 0.000000

rectification
0.999954 0.000524 -0.009543
-0.000547 0.999997 -0.002444
0.009541 0.002449 0.999951

projection
919.136776 0.000000 318.620735 0.000000
0.000000 919.136776 251.400005 0.000000
0.000000 0.000000 1.000000 0.000000

# oST version 5.0 parameters


[image]

width
640

height
480

[narrow_stereo/right]

camera matrix
933.665217 0.000000 316.710061
0.000000 933.123792 255.792031
0.000000 0.000000 1.000000

distortion
-0.460208 0.246638 -0.000118 0.000594 0.000000

rectification
0.999954 -0.000015 -0.009602
0.000039 0.999997 0.002447
0.009602 -0.002447 0.999951

projection
919.136776 0.000000 318.620735 -82.914816
0.000000 919.136776 251.400005 0.000000
0.000000 0.000000 1.000000 0.000000



Left:
('D = ', [-0.45380041652341363, 0.22001229881893766, 0.0002747589243530653, 0.00023619080426236908, 0.0])
('K = ', [935.9567336198363, 0.0, 303.90034458314267, 0.0, 935.4377890335084, 245.19651767127155, 0.0, 0.0, 1.0])
('R = ', [0.9999543308117211, 0.0005240028056901561, -0.009542626050652698, -0.0005473491409675134, 0.9999968634256738, -0.002444084231775652, 0.009541315412502025, 0.002449195760604101, 0.9999514811931254])
('P = ', [919.1367760326935, 0.0, 318.62073516845703, 0.0, 0.0, 919.1367760326935, 251.40000534057617, 0.0, 0.0, 0.0, 1.0, 0.0])

Right:
('D = ', [-0.46020846638211704, 0.24663769920425832, -0.00011785568339019813, 0.0005941405143806099, 0.0])
('K = ', [933.665217494699, 0.0, 316.7100608142508, 0.0, 933.1237919085239, 255.79203098104225, 0.0, 0.0, 1.0])
('R = ', [0.9999539006576516, -1.5262368892833632e-05, -0.009601891824410649, 3.875523476422022e-05, 0.9999970065387923, 0.002446510062541971, 0.009601825741980876, -0.0024467694036088743, 0.9999509079259372])
('P = ', [919.1367760326935, 0.0, 318.62073516845703, -82.91481602055534, 0.0, 919.1367760326935, 251.40000534057617, 0.0, 0.0, 0.0, 1.0, 0.0])
('self.T ', [-0.09020528376629408, 1.3768097869412059e-06, 0.0008661813071031252])
('self.R ', [0.9999998264099879, 0.00058625051361276, 5.907900992643811e-05, -0.000585954572993891, 0.9999878693590809, -0.004890581961705967, -6.194539944709365e-05, 0.004890546495133752, 0.9999880392873439])
# oST version 5.0 parameters


[image]

width
640

height
480

[narrow_stereo/left]

camera matrix
935.956734 0.000000 303.900345
0.000000 935.437789 245.196518
0.000000 0.000000 1.000000

distortion
-0.453800 0.220012 0.000275 0.000236 0.000000

rectification
0.999954 0.000524 -0.009543
-0.000547 0.999997 -0.002444
0.009541 0.002449 0.999951

projection
919.136776 0.000000 318.620735 0.000000
0.000000 919.136776 251.400005 0.000000
0.000000 0.000000 1.000000 0.000000

# oST version 5.0 parameters


[image]

width
640

height
480

[narrow_stereo/right]

camera matrix
933.665217 0.000000 316.710061
0.000000 933.123792 255.792031
0.000000 0.000000 1.000000

distortion
-0.460208 0.246638 -0.000118 0.000594 0.000000

rectification
0.999954 -0.000015 -0.009602
0.000039 0.999997 0.002447
0.009602 -0.002447 0.999951

projection
919.136776 0.000000 318.620735 -82.914816
0.000000 919.136776 251.400005 0.000000
0.000000 0.000000 1.000000 0.000000