before: Linearity RMS Error: 0.254 Pixels	Reprojection RMS Error: 0.186 Pixels

skipped calibration

height: 2050
width: 2448
distortion_model: plumb_bob
D: [-0.36677000000000004, 0.13737000000000002, 0.0015, 0.00118, 0.0]
K: [2295.51384, 0.0, 1269.61498, 0.0, 2296.66483, 976.52111, 0.0, 0.0, 1.0]
R: [1.0, 0.0, 0.0, 0.0, 1.0, 0.0, 0.0, 0.0, 1.0]
P: [2028.20972, 0.0, 1285.61333, 0.0, 0.0, 2114.13379, 970.11098, 0.0, 0.0, 0.0, 1.0, 0.0]
binning_x: 1
binning_y: 1