before: epipolar error: 3.525361 pixels   dimension: 0.112039 m
after: 	epipolar error: 0.151454 pixels   dimension: 0.108457 m


Left:
('D = ', [-0.3324510425155122, 0.10801799210236011, -1.1318285315837914e-05, -0.0003169594603125702, 0.0])
('K = ', [427.72444830059317, 0.0, 333.94482299231646, 0.0, 427.30615092433453, 242.5090285801043, 0.0, 0.0, 1.0])
('R = ', [0.9998670047776096, 0.0029622656423853567, -0.016037385675832662, -0.0029836951545341474, 0.999994687491482, -0.001312460299644163, 0.016033412621032018, 0.0013601364186271079, 0.9998705314732735])
('P = ', [393.1346584690799, 0.0, 333.1759376525879, 0.0, 0.0, 393.1346584690799, 246.85052871704102, 0.0, 0.0, 0.0, 1.0, 0.0])

Right:
('D = ', [-0.3251565818181187, 0.09900842744694881, 3.0017180033301273e-05, 3.33108840678658e-05, 0.0])
('K = ', [429.97159650722034, 0.0, 310.5697462210323, 0.0, 429.6510533738237, 251.71699114492932, 0.0, 0.0, 1.0])
('R = ', [0.9997607172125005, 0.003439890301401432, -0.021602672831402797, -0.0034110169263216104, 0.9999932395227187, 0.001373270689672041, 0.021607250687550504, -0.0012992550069517248, 0.9997656918769279])
('P = ', [393.1346584690799, 0.0, 333.1759376525879, -35.42766389199594, 0.0, 393.1346584690799, 246.85052871704102, 0.0, 0.0, 0.0, 1.0, 0.0])
('self.T ', [-0.0900942867763235, -0.0003099886382390564, 0.001946743223352815])
('self.R ', [0.9999843692141325, -0.000420053173494105, 0.005575381847459829, 0.0004349263374693206, 0.999996349754917, -0.002666705068556773, -0.005574241338022831, 0.0026690882662677886, 0.9999809017182939])
None

# oST version 5.0 parameters


[image]

width
640

height
480

[narrow_stereo/left]

camera matrix
427.724448 0.000000 333.944823
0.000000 427.306151 242.509029
0.000000 0.000000 1.000000

distortion
-0.332451 0.108018 -0.000011 -0.000317 0.000000

rectification
0.999867 0.002962 -0.016037
-0.002984 0.999995 -0.001312
0.016033 0.001360 0.999871

projection
393.134658 0.000000 333.175938 0.000000
0.000000 393.134658 246.850529 0.000000
0.000000 0.000000 1.000000 0.000000

# oST version 5.0 parameters


[image]

width
640

height
480

[narrow_stereo/right]

camera matrix
429.971597 0.000000 310.569746
0.000000 429.651053 251.716991
0.000000 0.000000 1.000000

distortion
-0.325157 0.099008 0.000030 0.000033 0.000000

rectification
0.999761 0.003440 -0.021603
-0.003411 0.999993 0.001373
0.021607 -0.001299 0.999766

projection
393.134658 0.000000 333.175938 -35.427664
0.000000 393.134658 246.850529 0.000000
0.000000 0.000000 1.000000 0.000000


Left:
('D = ', [-0.3324510425155122, 0.10801799210236011, -1.1318285315837914e-05, -0.0003169594603125702, 0.0])
('K = ', [427.72444830059317, 0.0, 333.94482299231646, 0.0, 427.30615092433453, 242.5090285801043, 0.0, 0.0, 1.0])
('R = ', [0.9998670047776096, 0.0029622656423853567, -0.016037385675832662, -0.0029836951545341474, 0.999994687491482, -0.001312460299644163, 0.016033412621032018, 0.0013601364186271079, 0.9998705314732735])
('P = ', [393.1346584690799, 0.0, 333.1759376525879, 0.0, 0.0, 393.1346584690799, 246.85052871704102, 0.0, 0.0, 0.0, 1.0, 0.0])

Right:
('D = ', [-0.3251565818181187, 0.09900842744694881, 3.0017180033301273e-05, 3.33108840678658e-05, 0.0])
('K = ', [429.97159650722034, 0.0, 310.5697462210323, 0.0, 429.6510533738237, 251.71699114492932, 0.0, 0.0, 1.0])
('R = ', [0.9997607172125005, 0.003439890301401432, -0.021602672831402797, -0.0034110169263216104, 0.9999932395227187, 0.001373270689672041, 0.021607250687550504, -0.0012992550069517248, 0.9997656918769279])
('P = ', [393.1346584690799, 0.0, 333.1759376525879, -35.42766389199594, 0.0, 393.1346584690799, 246.85052871704102, 0.0, 0.0, 0.0, 1.0, 0.0])
('self.T ', [-0.0900942867763235, -0.0003099886382390564, 0.001946743223352815])
('self.R ', [0.9999843692141325, -0.000420053173494105, 0.005575381847459829, 0.0004349263374693206, 0.999996349754917, -0.002666705068556773, -0.005574241338022831, 0.0026690882662677886, 0.9999809017182939])

# oST version 5.0 parameters


[image]

width
640

height
480

[narrow_stereo/left]

camera matrix
427.724448 0.000000 333.944823
0.000000 427.306151 242.509029
0.000000 0.000000 1.000000

distortion
-0.332451 0.108018 -0.000011 -0.000317 0.000000

rectification
0.999867 0.002962 -0.016037
-0.002984 0.999995 -0.001312
0.016033 0.001360 0.999871

projection
393.134658 0.000000 333.175938 0.000000
0.000000 393.134658 246.850529 0.000000
0.000000 0.000000 1.000000 0.000000

# oST version 5.0 parameters


[image]

width
640

height
480

[narrow_stereo/right]

camera matrix
429.971597 0.000000 310.569746
0.000000 429.651053 251.716991
0.000000 0.000000 1.000000

distortion
-0.325157 0.099008 0.000030 0.000033 0.000000

rectification
0.999761 0.003440 -0.021603
-0.003411 0.999993 0.001373
0.021607 -0.001299 0.999766

projection
393.134658 0.000000 333.175938 -35.427664
0.000000 393.134658 246.850529 0.000000
0.000000 0.000000 1.000000 0.000000
